free_thresh: 0.2
image: Town04.png
negate: 0
occupied_thresh: 0.65
origin: [-715.26904296875, -635.8538818359375, 0]
resolution: 0.1
