free_thresh: 0.2
image: Town02.png
negate: 0
occupied_thresh: 0.65
origin: [-207.45980834960938, -506.3907470703125, 0]
resolution: 0.1
